3257
0204
0013
0000
b457
0204
0013
0000
0093
03d0
0657
0282
0013
0000
3257
0203
0013
0000
8113
03e0
b457
0203
0013
0000
0657
0a82
0013
0000
b857
020a
0013
0000
3a57
020a
0013
0000
0193
03f0
0213
0400
0c57
2748
0013
0000
0c57
2b48
0013
0000
0c57
2748
0013
0000
3e57
0201
0013
0000
bed7
0200
0013
0000
8293
0010
3f57
97c1
0013
0000
0313
0011
0fd7
97de
0013
0000
3e57
0204
0013
0000
bed7
0200
0013
0000
3f57
a3c1
0013
0000
0fd7
a3de
0013
0000
0657
1682
0013
0000
0657
1e82
0013
0000
2657
9682
0013
0000
b257
020f
0013
0000
0413
0020
0013
0000
0013
0000
0013
0000
0013
0000
6657
3e44
0013
0000
3257
0204
0013
0000
0413
0090
0013
0000
0013
0000
0013
0000
0013
0000
6657
3a44
0013
0000
3257
0204
0013
0000
0413
0090
0013
0000
0013
0000
0013
0000
0013
0000
4657
3a44
0013
0000
b857
3a44
0013
0000
b257
020f
0013
0000
0413
0040
0013
0000
0013
0000
0013
0000
0013
0000
4657
3e44
0013
0000
3857
3e42
0013
0000
b257
020f
0013
0000
3457
0202
0013
0000
2657
1e82
0013
0000
2657
0282
0013
0000
